camera_matrix:
- - 1614.520478829242
  - 0.0
  - 510.0575702228394
- - 0.0
  - 1619.7933491223073
  - 538.545820222626
- - 0.0
  - 0.0
  - 1.0
dist_coeff:
- - 0.03520087625702486
  - -1.0125234127913219
  - 0.014095094338128581
  - -0.029244858085017172
  - 6.617190671623607
